*********************************************************************
* LD Score Regression (LDSC)
* Version 1.0.1
* (C) 2014-2019 Brendan Bulik-Sullivan and Hilary Finucane
* Broad Institute of MIT and Harvard / MIT Department of Mathematics
* GNU General Public License v3
*********************************************************************
Call: 
./ldsc.py \
--ld-wind-cm 1.0 \
--out /Users/tanvibansal/Documents/GitHub/Capstone/generated_plink_files/chr22/1000g_eur_hm3/s_het_w \
--bfile /Users/tanvibansal/Documents/GitHub/Capstone/generated_plink_files/chr22/1000g_eur_hm3/22_1000g_filt \
--yes-really  \
--annot /Users/tanvibansal/Documents/GitHub/Capstone/generated_plink_files/chr22/1000g_eur_hm3/s_het_weighted_ch22.annot \
--l2  

Beginning analysis at Tue Oct 29 23:14:07 2024
Read list of 148623 SNPs from /Users/tanvibansal/Documents/GitHub/Capstone/generated_plink_files/chr22/1000g_eur_hm3/22_1000g_filt.bim
Read 5 annotations for 148623 SNPs from /Users/tanvibansal/Documents/GitHub/Capstone/generated_plink_files/chr22/1000g_eur_hm3/s_het_weighted_ch22.annot
Read list of 294 individuals from /Users/tanvibansal/Documents/GitHub/Capstone/generated_plink_files/chr22/1000g_eur_hm3/22_1000g_filt.fam
Reading genotypes from /Users/tanvibansal/Documents/GitHub/Capstone/generated_plink_files/chr22/1000g_eur_hm3/22_1000g_filt.bed
Estimating LD Score.
Writing LD Scores for 135759 SNPs to /Users/tanvibansal/Documents/GitHub/Capstone/generated_plink_files/chr22/1000g_eur_hm3/s_het_w.l2.ldscore.gz

Summary of LD Scores in /Users/tanvibansal/Documents/GitHub/Capstone/generated_plink_files/chr22/1000g_eur_hm3/s_het_w.l2.ldscore.gz
         MAF  s_het_w.f1L2  s_het_w.f2L2  s_het_w.f3L2  s_het_w.f4L2  s_het_w.f5L2
mean  0.1170        0.9669        0.0661    4.5779e-02        0.0258        0.0262
std   0.1366        3.4487        0.1338    9.7068e-02        0.0502        0.0573
min   0.0017       -2.7154       -0.1256   -9.1250e-02       -0.0524       -0.0489
25%   0.0102       -0.4298        0.0017    5.3364e-05        0.0007        0.0002
50%   0.0527        0.2673        0.0298    1.9754e-02        0.0115        0.0114
75%   0.1922        1.3225        0.0770    5.2276e-02        0.0310        0.0307
max   0.5000      114.5977        1.9224    1.0515e+00        0.4643        0.7099

MAF/LD Score Correlation Matrix
                 MAF  s_het_w.f1L2  s_het_w.f2L2  s_het_w.f3L2  s_het_w.f4L2  s_het_w.f5L2
MAF           1.0000        0.0659        0.1530        0.1091        0.1404        0.1084
s_het_w.f1L2  0.0659        1.0000        0.4265        0.3769        0.3530        0.3022
s_het_w.f2L2  0.1530        0.4265        1.0000        0.7794        0.7323        0.5900
s_het_w.f3L2  0.1091        0.3769        0.7794        1.0000        0.7733        0.6157
s_het_w.f4L2  0.1404        0.3530        0.7323        0.7733        1.0000        0.7113
s_het_w.f5L2  0.1084        0.3022        0.5900        0.6157        0.7113        1.0000

LD Score Matrix Condition Number
142.2663

Annotation Correlation Matrix
            s_het_w.f1  s_het_w.f2  s_het_w.f3  s_het_w.f4  s_het_w.f5
s_het_w.f1      1.0000      0.0049      0.0052      0.0081      0.0168
s_het_w.f2      0.0049      1.0000      0.0924      0.1086      0.0626
s_het_w.f3      0.0052      0.0924      1.0000      0.0896      0.0726
s_het_w.f4      0.0081      0.1086      0.0896      1.0000      0.0284
s_het_w.f5      0.0168      0.0626      0.0726      0.0284      1.0000

Annotation Matrix Column Sums
s_het_w.f1    1465.3866
s_het_w.f2     103.6273
s_het_w.f3      70.7215
s_het_w.f4      39.9049
s_het_w.f5      41.0299

Summary of Annotation Matrix Row Sums
count    1.3576e+05
mean     1.2674e-02
std      4.4107e-01
min      4.1432e-05
25%      6.5078e-04
50%      1.7361e-03
75%      4.8953e-03
max      1.1354e+02
Analysis finished at Tue Oct 29 23:25:56 2024
Total time elapsed: 11.0m:49.2s
