*********************************************************************
* LD Score Regression (LDSC)
* Version 1.0.1
* (C) 2014-2019 Brendan Bulik-Sullivan and Hilary Finucane
* Broad Institute of MIT and Harvard / MIT Department of Mathematics
* GNU General Public License v3
*********************************************************************
Call: 
./ldsc.py \
--ld-wind-cm 1.0 \
--out /Users/tanvibansal/Documents/GitHub/Capstone/ld_score_outputs/chr19/ld_scores/s_het_w_chr19 \
--bfile /Users/tanvibansal/Documents/GitHub/Capstone/ld_score_outputs/chr19/extracted_plink_triplet/19_filt \
--annot /Users/tanvibansal/Documents/GitHub/Capstone/ld_score_outputs/chr19/s_het_w_chr19.annot \
--l2  

Beginning analysis at Tue Nov 12 09:53:50 2024
Read list of 22278 SNPs from /Users/tanvibansal/Documents/GitHub/Capstone/ld_score_outputs/chr19/extracted_plink_triplet/19_filt.bim
Read 5 annotations for 22278 SNPs from /Users/tanvibansal/Documents/GitHub/Capstone/ld_score_outputs/chr19/s_het_w_chr19.annot
Read list of 503 individuals from /Users/tanvibansal/Documents/GitHub/Capstone/ld_score_outputs/chr19/extracted_plink_triplet/19_filt.fam
Reading genotypes from /Users/tanvibansal/Documents/GitHub/Capstone/ld_score_outputs/chr19/extracted_plink_triplet/19_filt.bed
Estimating LD Score.
Writing LD Scores for 22278 SNPs to /Users/tanvibansal/Documents/GitHub/Capstone/ld_score_outputs/chr19/ld_scores/s_het_w_chr19.l2.ldscore.gz

Summary of LD Scores in /Users/tanvibansal/Documents/GitHub/Capstone/ld_score_outputs/chr19/ld_scores/s_het_w_chr19.l2.ldscore.gz
         MAF  s_het_w.f1L2  s_het_w.f2L2  s_het_w.f3L2  s_het_w.f4L2  s_het_w.f5L2
mean  0.2388        0.3826        0.0230        0.0138        0.0088        0.0064
std   0.1419        1.7610        0.0684        0.0305        0.0191        0.0128
min   0.0050       -0.1269       -0.0032       -0.0017       -0.0010       -0.0008
25%   0.1153        0.0096        0.0013        0.0007        0.0006        0.0005
50%   0.2346        0.0462        0.0048        0.0029        0.0022        0.0018
75%   0.3569        0.2062        0.0197        0.0122        0.0082        0.0063
max   0.5000       63.2335        1.5423        0.3254        0.2074        0.2157

MAF/LD Score Correlation Matrix
                 MAF  s_het_w.f1L2  s_het_w.f2L2  s_het_w.f3L2  s_het_w.f4L2  s_het_w.f5L2
MAF           1.0000        0.0722        0.0757        0.0810        0.0727        0.0431
s_het_w.f1L2  0.0722        1.0000        0.3751        0.3060        0.2710        0.2519
s_het_w.f2L2  0.0757        0.3751        1.0000        0.6368        0.4870        0.4771
s_het_w.f3L2  0.0810        0.3060        0.6368        1.0000        0.7050        0.6315
s_het_w.f4L2  0.0727        0.2710        0.4870        0.7050        1.0000        0.5981
s_het_w.f5L2  0.0431        0.2519        0.4771        0.6315        0.5981        1.0000

LD Score Matrix Condition Number
195.9797

Annotation Correlation Matrix
            s_het_w.f1  s_het_w.f2  s_het_w.f3  s_het_w.f4  s_het_w.f5
s_het_w.f1      1.0000      0.0449      0.0076      0.0086      0.0061
s_het_w.f2      0.0449      1.0000      0.1018      0.0933      0.0827
s_het_w.f3      0.0076      0.1018      1.0000      0.1419      0.1054
s_het_w.f4      0.0086      0.0933      0.1419      1.0000      0.0953
s_het_w.f5      0.0061      0.0827      0.1054      0.0953      1.0000

Annotation Matrix Column Sums
s_het_w.f1    666.9423
s_het_w.f2     37.1173
s_het_w.f3     24.0552
s_het_w.f4     16.3912
s_het_w.f5     11.9425

Summary of Annotation Matrix Row Sums
count    2.2278e+04
mean     3.3955e-02
std      7.2821e-01
min      1.5826e-05
25%      5.3478e-04
50%      2.5415e-03
75%      9.7761e-03
max      6.3138e+01
Analysis finished at Tue Nov 12 09:53:54 2024
Total time elapsed: 3.5s
