*********************************************************************
* LD Score Regression (LDSC)
* Version 1.0.1
* (C) 2014-2019 Brendan Bulik-Sullivan and Hilary Finucane
* Broad Institute of MIT and Harvard / MIT Department of Mathematics
* GNU General Public License v3
*********************************************************************
Call: 
./ldsc.py \
--ld-wind-cm 1.0 \
--out /Users/tanvibansal/Documents/GitHub/Capstone/ld_score_outputs/chr17/ld_scores/s_het_w_chr17 \
--bfile /Users/tanvibansal/Documents/GitHub/Capstone/ld_score_outputs/chr17/extracted_plink_triplet/17_filt \
--annot /Users/tanvibansal/Documents/GitHub/Capstone/ld_score_outputs/chr17/s_het_w_chr17.annot \
--l2  

Beginning analysis at Tue Nov 12 09:53:37 2024
Read list of 32004 SNPs from /Users/tanvibansal/Documents/GitHub/Capstone/ld_score_outputs/chr17/extracted_plink_triplet/17_filt.bim
Read 5 annotations for 32004 SNPs from /Users/tanvibansal/Documents/GitHub/Capstone/ld_score_outputs/chr17/s_het_w_chr17.annot
Read list of 503 individuals from /Users/tanvibansal/Documents/GitHub/Capstone/ld_score_outputs/chr17/extracted_plink_triplet/17_filt.fam
Reading genotypes from /Users/tanvibansal/Documents/GitHub/Capstone/ld_score_outputs/chr17/extracted_plink_triplet/17_filt.bed
Estimating LD Score.
Writing LD Scores for 32004 SNPs to /Users/tanvibansal/Documents/GitHub/Capstone/ld_score_outputs/chr17/ld_scores/s_het_w_chr17.l2.ldscore.gz

Summary of LD Scores in /Users/tanvibansal/Documents/GitHub/Capstone/ld_score_outputs/chr17/ld_scores/s_het_w_chr17.l2.ldscore.gz
         MAF  s_het_w.f1L2  s_het_w.f2L2  s_het_w.f3L2  s_het_w.f4L2  s_het_w.f5L2
mean  0.2432        0.2731        0.0227        0.0140        0.0096        0.0072
std   0.1444        0.8708        0.0475        0.0318        0.0186        0.0172
min   0.0050       -0.0720       -0.0025       -0.0016       -0.0005       -0.0006
25%   0.1143        0.0046        0.0007        0.0005        0.0003        0.0002
50%   0.2366        0.0297        0.0046        0.0026        0.0021        0.0014
75%   0.3688        0.1977        0.0209        0.0132        0.0093        0.0065
max   0.5000       26.0707        0.4873        0.3988        0.1831        0.2397

MAF/LD Score Correlation Matrix
                 MAF  s_het_w.f1L2  s_het_w.f2L2  s_het_w.f3L2  s_het_w.f4L2  s_het_w.f5L2
MAF           1.0000        0.0757        0.1264        0.1096        0.1730        0.1303
s_het_w.f1L2  0.0757        1.0000        0.5388        0.4245        0.4640        0.3693
s_het_w.f2L2  0.1264        0.5388        1.0000        0.7680        0.7833        0.6932
s_het_w.f3L2  0.1096        0.4245        0.7680        1.0000        0.7852        0.7301
s_het_w.f4L2  0.1730        0.4640        0.7833        0.7852        1.0000        0.7483
s_het_w.f5L2  0.1303        0.3693        0.6932        0.7301        0.7483        1.0000

LD Score Matrix Condition Number
104.4809

Annotation Correlation Matrix
            s_het_w.f1  s_het_w.f2  s_het_w.f3  s_het_w.f4  s_het_w.f5
s_het_w.f1      1.0000      0.0279      0.0278      0.0149      0.0162
s_het_w.f2      0.0279      1.0000      0.1575      0.0920      0.1391
s_het_w.f3      0.0278      0.1575      1.0000      0.0972      0.1263
s_het_w.f4      0.0149      0.0920      0.0972      1.0000      0.2169
s_het_w.f5      0.0162      0.1391      0.1263      0.2169      1.0000

Annotation Matrix Column Sums
s_het_w.f1    373.2863
s_het_w.f2     35.3461
s_het_w.f3     21.1249
s_het_w.f4     14.7524
s_het_w.f5     10.8072

Summary of Annotation Matrix Row Sums
count    3.2004e+04
mean     1.4227e-02
std      1.8611e-01
min      4.0149e-05
25%      6.0974e-04
50%      1.9418e-03
75%      5.7786e-03
max      2.5785e+01
Analysis finished at Tue Nov 12 09:53:42 2024
Total time elapsed: 4.99s
