*********************************************************************
* LD Score Regression (LDSC)
* Version 1.0.1
* (C) 2014-2019 Brendan Bulik-Sullivan and Hilary Finucane
* Broad Institute of MIT and Harvard / MIT Department of Mathematics
* GNU General Public License v3
*********************************************************************
Call: 
./ldsc.py \
--ld-wind-cm 1.0 \
--out /Users/tanvibansal/Documents/GitHub/Capstone/ld_score_outputs/chr20/ld_scores/s_het_w_chr20 \
--bfile /Users/tanvibansal/Documents/GitHub/Capstone/ld_score_outputs/chr20/extracted_plink_triplet/20_filt \
--annot /Users/tanvibansal/Documents/GitHub/Capstone/ld_score_outputs/chr20/s_het_w_chr20.annot \
--l2  

Beginning analysis at Tue Nov 12 09:53:56 2024
Read list of 30895 SNPs from /Users/tanvibansal/Documents/GitHub/Capstone/ld_score_outputs/chr20/extracted_plink_triplet/20_filt.bim
Read 5 annotations for 30895 SNPs from /Users/tanvibansal/Documents/GitHub/Capstone/ld_score_outputs/chr20/s_het_w_chr20.annot
Read list of 503 individuals from /Users/tanvibansal/Documents/GitHub/Capstone/ld_score_outputs/chr20/extracted_plink_triplet/20_filt.fam
Reading genotypes from /Users/tanvibansal/Documents/GitHub/Capstone/ld_score_outputs/chr20/extracted_plink_triplet/20_filt.bed
Estimating LD Score.
Writing LD Scores for 30895 SNPs to /Users/tanvibansal/Documents/GitHub/Capstone/ld_score_outputs/chr20/ld_scores/s_het_w_chr20.l2.ldscore.gz

Summary of LD Scores in /Users/tanvibansal/Documents/GitHub/Capstone/ld_score_outputs/chr20/ld_scores/s_het_w_chr20.l2.ldscore.gz
         MAF  s_het_w.f1L2  s_het_w.f2L2  s_het_w.f3L2  s_het_w.f4L2  s_het_w.f5L2
mean  0.2346        0.1978        0.0114        0.0070        0.0044        0.0036
std   0.1425        1.2754        0.0258        0.0146        0.0082        0.0068
min   0.0050       -0.1085       -0.0014       -0.0005       -0.0003       -0.0002
25%   0.1074        0.0033        0.0008        0.0004        0.0004        0.0004
50%   0.2227        0.0158        0.0028        0.0018        0.0014        0.0012
75%   0.3559        0.0930        0.0092        0.0063        0.0043        0.0037
max   0.5000       55.0570        0.3215        0.2097        0.0741        0.0645

MAF/LD Score Correlation Matrix
                 MAF  s_het_w.f1L2  s_het_w.f2L2  s_het_w.f3L2  s_het_w.f4L2  s_het_w.f5L2
MAF           1.0000        0.0278        0.0887        0.1124        0.1308        0.1285
s_het_w.f1L2  0.0278        1.0000        0.2615        0.2214        0.2107        0.1908
s_het_w.f2L2  0.0887        0.2615        1.0000        0.7745        0.7860        0.7778
s_het_w.f3L2  0.1124        0.2214        0.7745        1.0000        0.7278        0.6801
s_het_w.f4L2  0.1308        0.2107        0.7860        0.7278        1.0000        0.8143
s_het_w.f5L2  0.1285        0.1908        0.7778        0.6801        0.8143        1.0000

LD Score Matrix Condition Number
406.5373

Annotation Correlation Matrix
            s_het_w.f1  s_het_w.f2  s_het_w.f3  s_het_w.f4  s_het_w.f5
s_het_w.f1      1.0000      0.0062      0.0076      0.0085      0.0143
s_het_w.f2      0.0062      1.0000      0.1582      0.1265      0.1490
s_het_w.f3      0.0076      0.1582      1.0000      0.1823      0.1359
s_het_w.f4      0.0085      0.1265      0.1823      1.0000      0.1565
s_het_w.f5      0.0143      0.1490      0.1359      0.1565      1.0000

Annotation Matrix Column Sums
s_het_w.f1    365.0200
s_het_w.f2     18.1012
s_het_w.f3     11.2294
s_het_w.f4      7.5142
s_het_w.f5      5.9066

Summary of Annotation Matrix Row Sums
count    3.0895e+04
mean     1.3199e-02
std      4.8013e-01
min      2.9854e-05
25%      5.0842e-04
50%      1.3315e-03
75%      3.5481e-03
max      5.4728e+01
Analysis finished at Tue Nov 12 09:54:01 2024
Total time elapsed: 4.98s
