*********************************************************************
* LD Score Regression (LDSC)
* Version 1.0.1
* (C) 2014-2019 Brendan Bulik-Sullivan and Hilary Finucane
* Broad Institute of MIT and Harvard / MIT Department of Mathematics
* GNU General Public License v3
*********************************************************************
Call: 
./ldsc.py \
--ld-wind-cm 1.0 \
--out /Users/tanvibansal/Documents/GitHub/Capstone/ld_score_outputs/chr13/ld_scores/s_het_w_chr13 \
--bfile /Users/tanvibansal/Documents/GitHub/Capstone/ld_score_outputs/chr13/extracted_plink_triplet/13_filt \
--annot /Users/tanvibansal/Documents/GitHub/Capstone/ld_score_outputs/chr13/s_het_w_chr13.annot \
--l2  

Beginning analysis at Tue Nov 12 09:53:05 2024
Read list of 45293 SNPs from /Users/tanvibansal/Documents/GitHub/Capstone/ld_score_outputs/chr13/extracted_plink_triplet/13_filt.bim
Read 5 annotations for 45293 SNPs from /Users/tanvibansal/Documents/GitHub/Capstone/ld_score_outputs/chr13/s_het_w_chr13.annot
Read list of 503 individuals from /Users/tanvibansal/Documents/GitHub/Capstone/ld_score_outputs/chr13/extracted_plink_triplet/13_filt.fam
Reading genotypes from /Users/tanvibansal/Documents/GitHub/Capstone/ld_score_outputs/chr13/extracted_plink_triplet/13_filt.bed
Estimating LD Score.
Writing LD Scores for 45293 SNPs to /Users/tanvibansal/Documents/GitHub/Capstone/ld_score_outputs/chr13/ld_scores/s_het_w_chr13.l2.ldscore.gz

Summary of LD Scores in /Users/tanvibansal/Documents/GitHub/Capstone/ld_score_outputs/chr13/ld_scores/s_het_w_chr13.l2.ldscore.gz
         MAF  s_het_w.f1L2  s_het_w.f2L2  s_het_w.f3L2  s_het_w.f4L2  s_het_w.f5L2
mean  0.2343        0.0524        0.0049        0.0024        0.0018    1.4214e-03
std   0.1427        0.1803        0.0114        0.0043        0.0034    2.6036e-03
min   0.0050       -0.0213       -0.0009       -0.0002       -0.0002   -1.5393e-04
25%   0.1083        0.0014        0.0003        0.0002        0.0001    8.9061e-05
50%   0.2207        0.0072        0.0013        0.0008        0.0005    3.9946e-04
75%   0.3559        0.0341        0.0044        0.0025        0.0017    1.5149e-03
max   0.5000        8.9392        0.2689        0.0512        0.0344    3.0328e-02

MAF/LD Score Correlation Matrix
                 MAF  s_het_w.f1L2  s_het_w.f2L2  s_het_w.f3L2  s_het_w.f4L2  s_het_w.f5L2
MAF           1.0000        0.0758        0.0683        0.1005        0.0818        0.1103
s_het_w.f1L2  0.0758        1.0000        0.3172        0.3006        0.2086        0.1708
s_het_w.f2L2  0.0683        0.3172        1.0000        0.5220        0.4235        0.2734
s_het_w.f3L2  0.1005        0.3006        0.5220        1.0000        0.4509        0.3048
s_het_w.f4L2  0.0818        0.2086        0.4235        0.4509        1.0000        0.4526
s_het_w.f5L2  0.1103        0.1708        0.2734        0.3048        0.4526        1.0000

LD Score Matrix Condition Number
87.8545

Annotation Correlation Matrix
            s_het_w.f1  s_het_w.f2  s_het_w.f3  s_het_w.f4  s_het_w.f5
s_het_w.f1      1.0000      0.0099      0.0019      0.0141      0.0041
s_het_w.f2      0.0099      1.0000      0.0565      0.0893      0.0665
s_het_w.f3      0.0019      0.0565      1.0000      0.0539      0.0520
s_het_w.f4      0.0141      0.0893      0.0539      1.0000      0.1073
s_het_w.f5      0.0041      0.0665      0.0520      0.1073      1.0000

Annotation Matrix Column Sums
s_het_w.f1    129.2711
s_het_w.f2     12.2632
s_het_w.f3      6.2482
s_het_w.f4      4.4902
s_het_w.f5      3.7909

Summary of Annotation Matrix Row Sums
count    4.5293e+04
mean     3.4456e-03
std      6.8459e-02
min      1.4389e-05
25%      2.1045e-04
50%      6.4947e-04
75%      1.6503e-03
max      8.9317e+00
Analysis finished at Tue Nov 12 09:53:12 2024
Total time elapsed: 7.25s
