*********************************************************************
* LD Score Regression (LDSC)
* Version 1.0.1
* (C) 2014-2019 Brendan Bulik-Sullivan and Hilary Finucane
* Broad Institute of MIT and Harvard / MIT Department of Mathematics
* GNU General Public License v3
*********************************************************************
Call: 
./ldsc.py \
--ld-wind-cm 1.0 \
--out /Users/tanvibansal/Documents/GitHub/Capstone/ld_score_outputs/chr4/ld_scores/s_het_w_chr4 \
--bfile /Users/tanvibansal/Documents/GitHub/Capstone/ld_score_outputs/chr4/extracted_plink_triplet/4_filt \
--annot /Users/tanvibansal/Documents/GitHub/Capstone/ld_score_outputs/chr4/s_het_w_chr4.annot \
--l2  

Beginning analysis at Tue Nov 12 09:47:23 2024
Read list of 74599 SNPs from /Users/tanvibansal/Documents/GitHub/Capstone/ld_score_outputs/chr4/extracted_plink_triplet/4_filt.bim
Read 5 annotations for 74599 SNPs from /Users/tanvibansal/Documents/GitHub/Capstone/ld_score_outputs/chr4/s_het_w_chr4.annot
Read list of 503 individuals from /Users/tanvibansal/Documents/GitHub/Capstone/ld_score_outputs/chr4/extracted_plink_triplet/4_filt.fam
Reading genotypes from /Users/tanvibansal/Documents/GitHub/Capstone/ld_score_outputs/chr4/extracted_plink_triplet/4_filt.bed
Estimating LD Score.
Writing LD Scores for 74599 SNPs to /Users/tanvibansal/Documents/GitHub/Capstone/ld_score_outputs/chr4/ld_scores/s_het_w_chr4.l2.ldscore.gz

Summary of LD Scores in /Users/tanvibansal/Documents/GitHub/Capstone/ld_score_outputs/chr4/ld_scores/s_het_w_chr4.l2.ldscore.gz
         MAF  s_het_w.f1L2  s_het_w.f2L2  s_het_w.f3L2  s_het_w.f4L2  s_het_w.f5L2
mean  0.2377        0.2782        0.0054        0.0033        0.0023        0.0015
std   0.1421        6.0109        0.0163        0.0084        0.0055        0.0032
min   0.0050       -0.7309       -0.0009       -0.0006       -0.0004       -0.0002
25%   0.1123        0.0016        0.0003        0.0002        0.0002        0.0001
50%   0.2306        0.0078        0.0012        0.0008        0.0007        0.0005
75%   0.3579        0.0339        0.0041        0.0027        0.0020        0.0014
max   0.5000      366.1931        0.3121        0.1517        0.1346        0.0498

MAF/LD Score Correlation Matrix
                 MAF  s_het_w.f1L2  s_het_w.f2L2  s_het_w.f3L2  s_het_w.f4L2  s_het_w.f5L2
MAF           1.0000       -0.0371        0.0478        0.1116        0.1143        0.1084
s_het_w.f1L2 -0.0371        1.0000        0.2854        0.0831        0.0941        0.0339
s_het_w.f2L2  0.0478        0.2854        1.0000        0.6699        0.4871        0.2941
s_het_w.f3L2  0.1116        0.0831        0.6699        1.0000        0.6540        0.3472
s_het_w.f4L2  0.1143        0.0941        0.4871        0.6540        1.0000        0.4359
s_het_w.f5L2  0.1084        0.0339        0.2941        0.3472        0.4359        1.0000

LD Score Matrix Condition Number
2112.5763

Annotation Correlation Matrix
            s_het_w.f1  s_het_w.f2  s_het_w.f3  s_het_w.f4  s_het_w.f5
s_het_w.f1      1.0000      0.0118     -0.0008     -0.0004      0.0024
s_het_w.f2      0.0118      1.0000      0.0590      0.0923      0.0580
s_het_w.f3     -0.0008      0.0590      1.0000      0.0953      0.0587
s_het_w.f4     -0.0004      0.0923      0.0953      1.0000      0.0724
s_het_w.f5      0.0024      0.0580      0.0587      0.0724      1.0000

Annotation Matrix Column Sums
s_het_w.f1    606.9795
s_het_w.f2     17.0127
s_het_w.f3     10.2827
s_het_w.f4      8.0918
s_het_w.f5      5.3515

Summary of Annotation Matrix Row Sums
count    7.4599e+04
mean     8.6827e-03
std      1.3493e+00
min      1.1338e-05
25%      2.1011e-04
50%      5.2758e-04
75%      1.4156e-03
max      3.6604e+02
Analysis finished at Tue Nov 12 09:47:35 2024
Total time elapsed: 11.92s
