*********************************************************************
* LD Score Regression (LDSC)
* Version 1.0.1
* (C) 2014-2019 Brendan Bulik-Sullivan and Hilary Finucane
* Broad Institute of MIT and Harvard / MIT Department of Mathematics
* GNU General Public License v3
*********************************************************************
Call: 
./ldsc.py \
--ld-wind-cm 1.0 \
--out /Users/tanvibansal/Documents/GitHub/Capstone/ld_score_outputs/chr2/ld_scores/s_het_w_chr2 \
--bfile /Users/tanvibansal/Documents/GitHub/Capstone/ld_score_outputs/chr2/extracted_plink_triplet/2_filt \
--annot /Users/tanvibansal/Documents/GitHub/Capstone/ld_score_outputs/chr2/s_het_w_chr2.annot \
--l2  

Beginning analysis at Tue Nov 12 09:44:46 2024
Read list of 99253 SNPs from /Users/tanvibansal/Documents/GitHub/Capstone/ld_score_outputs/chr2/extracted_plink_triplet/2_filt.bim
Read 5 annotations for 99253 SNPs from /Users/tanvibansal/Documents/GitHub/Capstone/ld_score_outputs/chr2/s_het_w_chr2.annot
Read list of 503 individuals from /Users/tanvibansal/Documents/GitHub/Capstone/ld_score_outputs/chr2/extracted_plink_triplet/2_filt.fam
Reading genotypes from /Users/tanvibansal/Documents/GitHub/Capstone/ld_score_outputs/chr2/extracted_plink_triplet/2_filt.bed
Estimating LD Score.
Writing LD Scores for 99253 SNPs to /Users/tanvibansal/Documents/GitHub/Capstone/ld_score_outputs/chr2/ld_scores/s_het_w_chr2.l2.ldscore.gz

Summary of LD Scores in /Users/tanvibansal/Documents/GitHub/Capstone/ld_score_outputs/chr2/ld_scores/s_het_w_chr2.l2.ldscore.gz
         MAF  s_het_w.f1L2  s_het_w.f2L2  s_het_w.f3L2  s_het_w.f4L2  s_het_w.f5L2
mean  0.2387        0.1220        0.0093        0.0049        0.0034        0.0027
std   0.1429        0.5363        0.0264        0.0118        0.0074        0.0055
min   0.0050       -0.0415       -0.0016       -0.0005       -0.0004       -0.0003
25%   0.1123        0.0031        0.0005        0.0004        0.0003        0.0003
50%   0.2296        0.0158        0.0021        0.0013        0.0011        0.0009
75%   0.3618        0.0704        0.0077        0.0042        0.0034        0.0028
max   0.5000       20.4503        0.7436        0.2243        0.1404        0.1093

MAF/LD Score Correlation Matrix
                 MAF  s_het_w.f1L2  s_het_w.f2L2  s_het_w.f3L2  s_het_w.f4L2  s_het_w.f5L2
MAF           1.0000        0.0833        0.0831        0.1133        0.1190        0.1275
s_het_w.f1L2  0.0833        1.0000        0.3741        0.4516        0.3633        0.3855
s_het_w.f2L2  0.0831        0.3741        1.0000        0.6901        0.6531        0.5666
s_het_w.f3L2  0.1133        0.4516        0.6901        1.0000        0.7645        0.7283
s_het_w.f4L2  0.1190        0.3633        0.6531        0.7645        1.0000        0.7285
s_het_w.f5L2  0.1275        0.3855        0.5666        0.7283        0.7285        1.0000

LD Score Matrix Condition Number
171.0827

Annotation Correlation Matrix
            s_het_w.f1  s_het_w.f2  s_het_w.f3  s_het_w.f4  s_het_w.f5
s_het_w.f1      1.0000      0.0208      0.0098      0.0113      0.0148
s_het_w.f2      0.0208      1.0000      0.0893      0.0556      0.0716
s_het_w.f3      0.0098      0.0893      1.0000      0.1385      0.1063
s_het_w.f4      0.0113      0.0556      0.1385      1.0000      0.1125
s_het_w.f5      0.0148      0.0716      0.1063      0.1125      1.0000

Annotation Matrix Column Sums
s_het_w.f1    468.3715
s_het_w.f2     36.0787
s_het_w.f3     19.0667
s_het_w.f4     14.1471
s_het_w.f5     11.0336

Summary of Annotation Matrix Row Sums
count    9.9253e+04
mean     5.5283e-03
std      1.2361e-01
min      2.5636e-05
25%      3.6294e-04
50%      8.0214e-04
75%      2.0628e-03
max      2.0405e+01
Analysis finished at Tue Nov 12 09:45:02 2024
Total time elapsed: 15.49s
