*********************************************************************
* LD Score Regression (LDSC)
* Version 1.0.1
* (C) 2014-2019 Brendan Bulik-Sullivan and Hilary Finucane
* Broad Institute of MIT and Harvard / MIT Department of Mathematics
* GNU General Public License v3
*********************************************************************
Call: 
./ldsc.py \
--ld-wind-cm 1.0 \
--out /Users/tanvibansal/Documents/GitHub/Capstone/ld_score_outputs/chr18/ld_scores/s_het_w_chr18 \
--bfile /Users/tanvibansal/Documents/GitHub/Capstone/ld_score_outputs/chr18/extracted_plink_triplet/18_filt \
--annot /Users/tanvibansal/Documents/GitHub/Capstone/ld_score_outputs/chr18/s_het_w_chr18.annot \
--l2  

Beginning analysis at Tue Nov 12 09:53:43 2024
Read list of 35237 SNPs from /Users/tanvibansal/Documents/GitHub/Capstone/ld_score_outputs/chr18/extracted_plink_triplet/18_filt.bim
Read 5 annotations for 35237 SNPs from /Users/tanvibansal/Documents/GitHub/Capstone/ld_score_outputs/chr18/s_het_w_chr18.annot
Read list of 503 individuals from /Users/tanvibansal/Documents/GitHub/Capstone/ld_score_outputs/chr18/extracted_plink_triplet/18_filt.fam
Reading genotypes from /Users/tanvibansal/Documents/GitHub/Capstone/ld_score_outputs/chr18/extracted_plink_triplet/18_filt.bed
Estimating LD Score.
Writing LD Scores for 35237 SNPs to /Users/tanvibansal/Documents/GitHub/Capstone/ld_score_outputs/chr18/ld_scores/s_het_w_chr18.l2.ldscore.gz

Summary of LD Scores in /Users/tanvibansal/Documents/GitHub/Capstone/ld_score_outputs/chr18/ld_scores/s_het_w_chr18.l2.ldscore.gz
         MAF  s_het_w.f1L2  s_het_w.f2L2  s_het_w.f3L2  s_het_w.f4L2  s_het_w.f5L2
mean  0.2366        0.4147        0.0049        0.0032        0.0023    1.3399e-03
std   0.1422        5.9087        0.0119        0.0084        0.0042    3.1333e-03
min   0.0050       -0.4445       -0.0005       -0.0004       -0.0001   -1.7039e-04
25%   0.1113        0.0014        0.0004        0.0002        0.0003    8.4490e-05
50%   0.2256        0.0083        0.0014        0.0008        0.0009    3.3680e-04
75%   0.3569        0.0397        0.0045        0.0030        0.0024    1.2751e-03
max   0.5000      223.6369        0.1811        0.1052        0.0458    4.3365e-02

MAF/LD Score Correlation Matrix
                 MAF  s_het_w.f1L2  s_het_w.f2L2  s_het_w.f3L2  s_het_w.f4L2  s_het_w.f5L2
MAF           1.0000        0.0056        0.0671        0.0227        0.0652        0.0566
s_het_w.f1L2  0.0056        1.0000        0.0033        0.0862        0.0316        0.0028
s_het_w.f2L2  0.0671        0.0033        1.0000        0.6913        0.5587        0.6224
s_het_w.f3L2  0.0227        0.0862        0.6913        1.0000        0.5639        0.7648
s_het_w.f4L2  0.0652        0.0316        0.5587        0.5639        1.0000        0.5762
s_het_w.f5L2  0.0566        0.0028        0.6224        0.7648        0.5762        1.0000

LD Score Matrix Condition Number
3197.6406

Annotation Correlation Matrix
            s_het_w.f1  s_het_w.f2  s_het_w.f3  s_het_w.f4  s_het_w.f5
s_het_w.f1      1.0000      0.0003     -0.0008     -0.0013     -0.0019
s_het_w.f2      0.0003      1.0000      0.0856      0.0803      0.1278
s_het_w.f3     -0.0008      0.0856      1.0000      0.0318      0.0917
s_het_w.f4     -0.0013      0.0803      0.0318      1.0000      0.0977
s_het_w.f5     -0.0019      0.1278      0.0917      0.0977      1.0000

Annotation Matrix Column Sums
s_het_w.f1    342.1185
s_het_w.f2      9.5062
s_het_w.f3      5.7093
s_het_w.f4      4.3384
s_het_w.f5      2.4330

Summary of Annotation Matrix Row Sums
count    3.5237e+04
mean     1.0333e-02
std      1.1942e+00
min      8.7817e-06
25%      2.6467e-04
50%      7.8122e-04
75%      1.8399e-03
max      2.2351e+02
Analysis finished at Tue Nov 12 09:53:49 2024
Total time elapsed: 5.65s
